tensor([[ 0.2633, -0.1513,  0.6194,  0.4906, -0.2704, -0.4537, -0.0040, -0.0355,
          0.3333, -0.1096,  0.2215, -0.0988, -0.0723, -0.0468, -0.0174]])
tensor([[ 0.0772,  0.9756,  0.9381,  0.6212,  0.5710, -0.4255]])
tensor([[[[-0.7993, -0.7308, -0.6281,  ...,  2.0605,  2.1119,  2.0605],
          [-0.7822, -0.7308, -0.6452,  ...,  1.9578,  2.0777,  2.0092],
          [-0.7308, -0.7308, -0.6623,  ...,  1.9920,  2.0263,  2.0263],
          ...,
          [-0.9534, -0.9020, -0.8335,  ...,  0.4166,  0.5022,  0.4337],
          [-0.8678, -0.9534, -0.8164,  ...,  0.4679,  0.5193,  0.5022],
          [-1.0219, -0.9705, -0.8164,  ...,  0.4337,  0.4337,  0.4508]],

         [[-0.0749, -0.0049, -0.0224,  ...,  2.3585,  2.2710,  2.2185],
          [-0.0399,  0.0126,  0.0651,  ...,  2.3060,  2.2885,  2.2185],
          [-0.0224, -0.0224,  0.0476,  ...,  2.2885,  2.2885,  2.2885],
          ...,
          [-0.1099, -0.0574, -0.0749,  ...,  0.5203,  0.6078,  0.5378],
          [-0.0224, -0.1099, -0.0924,  ...,  0.5378,  0.5903,  0.5728],
          [-0.1275, -0.0749, -0.0924,  ...,  0.5028,  0.5028,  0.5203]],

         [[ 0.3742,  0.4439,  0.4614,  ...,  2.6400,  2.6051,  2.5529],
          [ 0.3568,  0.4091,  0.4614,  ...,  2.6051,  2.6051,  2.5354],
          [ 0.3742,  0.3742,  0.4091,  ...,  2.6400,  2.6226,  2.6226],
          ...,
          [ 0.0953,  0.1476,  0.1651,  ...,  0.6008,  0.6879,  0.6182],
          [ 0.1825,  0.0953,  0.1476,  ...,  0.6356,  0.6879,  0.6705],
          [ 0.0953,  0.1476,  0.1476,  ...,  0.6008,  0.6008,  0.6182]]]])
tensor([[[[-2.1179, -2.1179, -2.1179,  ..., -2.1179, -2.1179, -2.1179],
          [-2.1179, -2.1179, -2.1179,  ..., -2.1179, -2.1179, -2.1179],
          [-2.1179, -2.1179, -2.1179,  ..., -2.1179, -2.1179, -2.1179],
          ...,
          [-2.1179, -2.1179, -2.1179,  ..., -2.1179, -2.1179, -2.1179],
          [-2.1179, -2.1179, -2.1179,  ..., -2.1179, -2.1179, -2.1179],
          [-2.1179, -2.1179, -2.1179,  ..., -2.1179, -2.1179, -2.1179]],

         [[-2.0357, -2.0357, -2.0357,  ..., -2.0357, -2.0357, -2.0357],
          [-2.0357, -2.0357, -2.0357,  ..., -2.0357, -2.0357, -2.0357],
          [-2.0357, -2.0357, -2.0357,  ..., -2.0357, -2.0357, -2.0357],
          ...,
          [-2.0357, -2.0357, -2.0357,  ..., -2.0357, -2.0357, -2.0357],
          [-2.0357, -2.0357, -2.0357,  ..., -2.0357, -2.0357, -2.0357],
          [-2.0357, -2.0357, -2.0357,  ..., -2.0357, -2.0357, -2.0357]],

         [[-1.8044, -1.8044, -1.8044,  ..., -1.8044, -1.8044, -1.8044],
          [-1.8044, -1.8044, -1.8044,  ..., -1.8044, -1.8044, -1.8044],
          [-1.8044, -1.8044, -1.8044,  ..., -1.8044, -1.8044, -1.8044],
          ...,
          [-1.8044, -1.8044, -1.8044,  ..., -1.8044, -1.8044, -1.8044],
          [-1.8044, -1.8044, -1.8044,  ..., -1.8044, -1.8044, -1.8044],
          [-1.8044, -1.8044, -1.8044,  ..., -1.8044, -1.8044, -1.8044]]]])
tensor([[[[-0.7308, -0.7479, -0.7479,  ..., -0.7822, -0.7650, -0.7650],
          [-0.7479, -0.7479, -0.7479,  ..., -0.8164, -0.7650, -0.7650],
          [-0.7479, -0.7479, -0.7479,  ..., -0.8335, -0.8164, -0.7993],
          ...,
          [ 0.4337,  0.4337,  0.4337,  ..., -0.9192, -0.9534, -0.9534],
          [ 0.4679,  0.4679,  0.4508,  ..., -0.8507, -0.8849, -0.9192],
          [ 0.4851,  0.4851,  0.4679,  ..., -0.8164, -0.8507, -0.8849]],

         [[-0.4601, -0.4776, -0.4776,  ..., -0.6877, -0.6702, -0.6702],
          [-0.4776, -0.4776, -0.4776,  ..., -0.7052, -0.6702, -0.6702],
          [-0.4601, -0.4601, -0.4776,  ..., -0.7227, -0.7052, -0.6877],
          ...,
          [ 0.7129,  0.7129,  0.7129,  ..., -0.7577, -0.7927, -0.7927],
          [ 0.7479,  0.7479,  0.7304,  ..., -0.7402, -0.7752, -0.8102],
          [ 0.7654,  0.7654,  0.7479,  ..., -0.7227, -0.7577, -0.7927]],

         [[-0.1487, -0.1661, -0.1661,  ..., -0.3230, -0.3055, -0.3055],
          [-0.1661, -0.1661, -0.1661,  ..., -0.3404, -0.3055, -0.3055],
          [-0.2010, -0.2010, -0.1661,  ..., -0.3578, -0.3404, -0.3230],
          ...,
          [ 0.9668,  0.9668,  0.9668,  ..., -0.4101, -0.4798, -0.4798],
          [ 1.0017,  1.0017,  0.9842,  ..., -0.3753, -0.4101, -0.4450],
          [ 1.0191,  1.0191,  1.0017,  ..., -0.3578, -0.3927, -0.4275]]]])
