observation.state:
[[0.9985194206237793, -0.4705645740032196, 0.3820704221725464, -0.10340077430009842, 0.6047162413597107, -0.9404833316802979]]

observation.force:
[[0.3982149362564087, -0.15804430842399597, -0.25801387429237366, 0.6453259587287903, -0.33983567357063293, -0.38170212507247925, -0.17145957052707672, -0.025298738852143288, -0.024468811228871346, 0.017894001677632332, 0.1987532526254654, -0.13513638079166412, 0.11150189489126205, -0.8235293030738831, -0.0659848153591156]]

observation.images:
[tensor([[[[0.3451, 0.3451, 0.2745,  ..., 0.1922, 0.2941, 0.2941],
          [0.3608, 0.3255, 0.2745,  ..., 0.2275, 0.2431, 0.2588],
          [0.3255, 0.2941, 0.2392,  ..., 0.2941, 0.2078, 0.2588],
          ...,
          [0.0706, 0.0196, 0.9529,  ..., 0.4157, 0.3961, 0.4157],
          [0.1216, 0.0863, 0.1020,  ..., 0.3961, 0.3961, 0.4157],
          [0.1882, 0.1725, 0.1569,  ..., 0.4314, 0.4157, 0.4471]],

         [[0.9294, 0.9294, 0.9490,  ..., 0.5020, 0.5176, 0.5176],
          [0.9843, 0.9490, 0.9490,  ..., 0.4824, 0.5020, 0.5176],
          [1.0000, 0.9647, 0.9490,  ..., 0.5176, 0.4314, 0.4824],
          ...,
          [0.9137, 0.8627, 0.7922,  ..., 0.5725, 0.5529, 0.5725],
          [0.8941, 0.8627, 0.8784,  ..., 0.5529, 0.5529, 0.5725],
          [0.9647, 0.9490, 0.8784,  ..., 0.5373, 0.5725, 0.6078]],

         [[0.3373, 0.3373, 0.3216,  ..., 0.8078, 0.8235, 0.8235],
          [0.3725, 0.3373, 0.3216,  ..., 0.7725, 0.7922, 0.8078],
          [0.4078, 0.3725, 0.3373,  ..., 0.8235, 0.7373, 0.7922],
          ...,
          [0.1098, 0.0588, 0.9961,  ..., 0.6353, 0.6157, 0.6353],
          [0.0745, 0.0392, 0.0588,  ..., 0.5804, 0.6157, 0.6353],
          [0.1451, 0.1294, 0.1098,  ..., 0.5804, 0.6000, 0.6353]]]]), tensor([[[[0.8941, 0.8941, 0.8941,  ..., 0.8941, 0.8941, 0.8941],
          [0.8941, 0.8941, 0.8941,  ..., 0.8941, 0.8941, 0.8941],
          [0.8941, 0.8941, 0.8941,  ..., 0.8941, 0.8941, 0.8941],
          ...,
          [0.8941, 0.8941, 0.8941,  ..., 0.8941, 0.8941, 0.8941],
          [0.8941, 0.8941, 0.8941,  ..., 0.8941, 0.8941, 0.8941],
          [0.8941, 0.8941, 0.8941,  ..., 0.8941, 0.8941, 0.8941]],

         [[0.9765, 0.9765, 0.9765,  ..., 0.9765, 0.9765, 0.9765],
          [0.9765, 0.9765, 0.9765,  ..., 0.9765, 0.9765, 0.9765],
          [0.9765, 0.9765, 0.9765,  ..., 0.9765, 0.9765, 0.9765],
          ...,
          [0.9765, 0.9765, 0.9765,  ..., 0.9765, 0.9765, 0.9765],
          [0.9765, 0.9765, 0.9765,  ..., 0.9765, 0.9765, 0.9765],
          [0.9765, 0.9765, 0.9765,  ..., 0.9765, 0.9765, 0.9765]],

         [[0.2039, 0.2039, 0.2039,  ..., 0.2039, 0.2039, 0.2039],
          [0.2039, 0.2039, 0.2039,  ..., 0.2039, 0.2039, 0.2039],
          [0.2039, 0.2039, 0.2039,  ..., 0.2039, 0.2039, 0.2039],
          ...,
          [0.2039, 0.2039, 0.2039,  ..., 0.2039, 0.2039, 0.2039],
          [0.2039, 0.2039, 0.2039,  ..., 0.2039, 0.2039, 0.2039],
          [0.2039, 0.2039, 0.2039,  ..., 0.2039, 0.2039, 0.2039]]]]), tensor([[[[0.0196, 0.0196, 0.0353,  ..., 0.1216, 0.1373, 0.1373],
          [0.0196, 0.0196, 0.0353,  ..., 0.1020, 0.1216, 0.1373],
          [0.0196, 0.0196, 0.0196,  ..., 0.1020, 0.1216, 0.1373],
          ...,
          [0.5137, 0.5137, 0.5137,  ..., 0.1373, 0.1569, 0.1725],
          [0.5333, 0.5333, 0.5137,  ..., 0.0706, 0.1216, 0.1569],
          [0.5333, 0.5137, 0.5137,  ..., 0.0196, 0.0000, 0.0353]],

         [[0.1608, 0.1608, 0.1765,  ..., 0.1765, 0.1961, 0.1961],
          [0.1608, 0.1608, 0.1765,  ..., 0.1608, 0.1765, 0.1961],
          [0.1255, 0.1255, 0.1255,  ..., 0.1961, 0.2118, 0.2314],
          ...,
          [0.5451, 0.5451, 0.5451,  ..., 0.2471, 0.2824, 0.3020],
          [0.5647, 0.5647, 0.5451,  ..., 0.1765, 0.2471, 0.2824],
          [0.5647, 0.5451, 0.5451,  ..., 0.1255, 0.1765, 0.2118]],

         [[0.3686, 0.3686, 0.3882,  ..., 0.5255, 0.5765, 0.5765],
          [0.3686, 0.3686, 0.3882,  ..., 0.5098, 0.5608, 0.5765],
          [0.3529, 0.3529, 0.3529,  ..., 0.5608, 0.5765, 0.5961],
          ...,
          [0.7176, 0.7176, 0.7176,  ..., 0.5098, 0.5451, 0.5608],
          [0.7333, 0.7333, 0.7176,  ..., 0.4392, 0.5098, 0.5451],
          [0.7176, 0.7020, 0.7176,  ..., 0.3882, 0.4196, 0.4549]]]])]

