obs_index	inference_time_sec	image_proc_time_sec
0	1.06924	0.02118
1	0.347139	0.014136
2	0.491232	0.01517
3	0.414194	0.012553
4	0.364403	0.016954
5	0.407304	0.018195
6	0.324779	0.012933
7	0.3484	0.018983
8	0.555009	0.022891
9	0.427682	0.012524
10	0.385113	0.009556
11	0.309964	0.014955
12	0.357501	0.015322
13	0.392089	0.010071
14	0.359685	0.012498
15	0.349839	0.015551
16	0.321553	0.011904
17	0.434802	0.011129
18	0.319816	0.01042
19	0.343307	0.014979
20	0.994745	0.015901
21	0.342365	0.022782
22	0.283476	0.01018
23	0.468839	0.009927
24	0.497062	0.071104
25	0.539489	0.010968
26	0.493098	0.017311
27	0.50368	0.014469
28	0.434441	0.011312
29	0.307099	0.014866
30	0.478858	0.025751
31	0.313409	0.015312
32	0.390727	0.017233
33	0.361554	0.016094
34	0.427584	0.009885
35	0.697013	0.023921
36	1.584075	0.061578
37	1.01723	0.036874
38	1.143209	0.027211
39	1.496574	0.032152
40	1.857761	0.030957
41	0.817305	0.027674
42	1.086982	0.026197
43	1.508645	0.043762
44	1.112776	0.028311
45	0.715123	0.02235
46	1.04017	0.023826
47	0.791343	0.020941
48	0.928075	0.06599
49	0.735738	0.024363
50	0.46505	0.01337
51	0.504873	0.019483
52	0.692333	0.027834
53	0.602097	0.025463
54	0.572723	0.021337
55	0.64767	0.015965
56	0.439682	0.011028
57	0.772511	0.017586
58	0.448693	0.02118
59	0.42522	0.01751
60	0.476066	0.014063
61	0.386831	0.017166
62	0.342755	0.018617
63	0.453277	0.015901
64	0.347076	0.010782
65	0.540155	0.014891
66	0.355558	0.013947
67	0.414747	0.019537
68	0.384791	0.020254
69	0.416695	0.019418
70	0.382296	0.015162
71	0.363591	0.016134
72	0.343612	0.012706
73	0.421958	0.018136
74	0.427697	0.016726
75	0.402019	0.01604
76	0.398925	0.011112
77	0.398283	0.019792
78	0.382749	0.011548
79	0.359707	0.017653
80	0.417257	0.01665
81	0.39827	0.010879
82	0.376489	0.010955
83	0.444562	0.01115
84	0.383371	0.011598
85	0.368701	0.015649
86	0.497512	0.019789
87	0.396764	0.015044
88	0.394114	0.012376
89	0.382722	0.011916
90	0.339513	0.010667
91	0.416252	0.018336
92	0.386238	0.017948
93	0.353175	0.014628
94	0.432179	0.011711
95	0.429801	0.012506
96	0.369667	0.012801
97	0.374374	0.013223
98	0.432732	0.018776
99	0.383688	0.015826
100	0.397085	0.013281
101	0.39997	0.010527
102	0.335	0.012573
103	0.420546	0.017331
104	0.384783	0.011207
105	0.567522	0.016923
106	0.569216	0.022933
107	0.508156	0.014536
108	0.482165	0.015265
109	0.591501	0.019414
110	0.647888	0.024289
111	0.559142	0.017284
112	0.511843	0.019821
113	0.445187	0.016439
114	0.465632	0.027314
115	0.462713	0.016616
116	0.535764	0.015571
117	0.522565	0.02212
118	0.637646	0.014912
119	0.433115	0.018722
120	0.532083	0.015369
121	0.440327	0.03014
122	0.563881	0.017725
123	0.493441	0.017243
124	0.536155	0.024702
125	0.6307	0.01903
126	0.491023	0.021413
127	0.631524	0.022249
128	0.526193	0.020787
129	0.433695	0.015857
130	0.517712	0.021043
131	0.495925	0.022614
132	0.453582	0.018688
133	0.385458	0.018049
134	0.340835	0.024963
135	0.39577	0.014058
136	0.433524	0.013479
137	0.383045	0.013438
138	0.448217	0.024216
139	0.360138	0.024022
140	0.346133	0.015537
141	0.397103	0.018628
142	0.391289	0.016667
143	0.374283	0.01825
144	0.344662	0.015526
145	0.39027	0.017509
146	0.400449	0.017589
147	0.469188	0.013263
148	0.507493	0.016014
149	0.418439	0.019916
150	0.374867	0.013315
151	0.383312	0.01139
152	0.432289	0.018797
153	0.38384	0.016141
154	0.40897	0.027346
155	0.407802	0.021878
156	0.42158	0.014189
157	0.368576	0.013312
158	0.359875	0.016511
159	0.382386	0.014836
160	0.359526	0.015047
161	0.403318	0.01542
162	0.450582	0.015748
163	0.405616	0.016637
164	0.375945	0.01309
165	0.379399	0.018315
166	0.478311	0.015404
167	0.342063	0.013541
168	0.523753	0.017497
169	0.37192	0.018926
170	0.377787	0.019164
171	0.416761	0.015247
172	0.365292	0.01038
173	0.382549	0.018482
174	0.385372	0.017676
175	0.372678	0.01707
176	0.374749	0.016871
177	0.332583	0.010246
178	0.312572	0.012967
179	0.430964	0.017685
180	0.409146	0.018085
181	0.422896	0.014534
182	0.387745	0.015389
183	0.374007	0.014538
184	0.356362	0.011116
185	0.413071	0.015466
186	0.310344	0.010425
187	0.380593	0.01723
188	0.363207	0.011227
189	0.424057	0.011828
190	0.361696	0.012455
191	0.401182	0.015361
192	0.398177	0.01386
193	0.294676	0.009869
194	0.386827	0.015991
195	0.384451	0.013014
196	0.370179	0.014004
197	0.386775	0.011324
198	0.3743	0.010652
199	0.412845	0.016015
200	0.342181	0.011124
201	0.309161	0.01543
202	0.380008	0.014509
203	0.401867	0.014993
204	0.378463	0.015931
205	0.374278	0.018015
206	0.41399	0.0114
207	0.316579	0.010519
208	0.355612	0.011502
209	0.418049	0.012884
210	0.46473	0.012364
211	0.36931	0.010032
212	0.353406	0.016893
213	0.341233	0.012859
214	0.389631	0.013054
215	0.435315	0.016896
216	0.31912	0.011153
217	0.401778	0.011871
218	0.39412	0.015976
219	0.323598	0.009342
220	0.388125	0.01765
221	0.385902	0.012717
222	0.335432	0.013079
223	0.345952	0.010529
224	0.420658	0.011077
225	0.325139	0.014639
226	0.410831	0.019426
227	0.395021	0.015783
228	0.393133	0.011894
229	0.384654	0.015122
230	0.369882	0.011889
231	0.380961	0.013249
232	0.394628	0.014438
233	0.398748	0.016821
234	0.398294	0.018612
235	0.426371	0.015203
236	0.40179	0.015342
237	0.339435	0.010891
238	0.358318	0.011576
239	0.386625	0.018186
240	0.384601	0.013244
241	0.353615	0.01107
242	0.380972	0.011134
243	0.325705	0.012878
244	0.436383	0.01979
245	0.494778	0.01173
246	0.306527	0.011086
247	0.4279	0.014451
248	0.347471	0.014736
249	0.401101	0.018197
250	0.367942	0.011983
251	0.381562	0.014368
252	0.355161	0.012103
253	0.427469	0.017925
254	0.47906	0.014035
255	0.314244	0.009199
256	0.308376	0.012176
257	0.395983	0.011392
258	0.43976	0.014445
259	0.375059	0.013995
260	0.401016	0.010626
261	0.401635	0.015655
262	0.37642	0.011376
263	0.399919	0.015809
264	0.360738	0.014289
265	0.501871	0.010923
266	0.529139	0.020929
267	0.494412	0.013517
268	0.41541	0.016495
269	0.357192	0.011781
270	0.337438	0.01245
271	0.399214	0.01555
272	0.443939	0.013166
273	0.393885	0.012823
274	0.388432	0.021206
275	0.530184	0.017736
276	0.369887	0.015645
277	0.416196	0.019806
278	0.332416	0.017563
279	0.318911	0.015639
280	0.430846	0.015192
281	0.399669	0.020976
282	0.382158	0.013192
283	0.442116	0.021081
284	0.35755	0.013774
285	0.338777	0.015831
286	0.452839	0.014837
287	0.329062	0.011711
288	0.407372	0.015116
289	0.445452	0.018843
290	0.401509	0.018411
291	0.400346	0.019467
292	0.48175	0.017475
293	0.362006	0.01287
294	0.371542	0.019896
295	0.356587	0.01687
296	0.42993	0.019729
297	0.426404	0.016833
298	0.412715	0.013389
299	0.421592	0.010471
300	0.460044	0.019269
301	0.379763	0.012444
302	0.537641	0.015632
303	0.492366	0.020377
304	0.39462	0.017556
305	0.525889	0.020013
306	0.507479	0.016789
307	0.479301	0.017287
308	0.539776	0.022215
309	0.65849	0.024616
310	0.453087	0.017665
311	0.498117	0.012342
312	0.427379	0.016296
313	0.535807	0.021542
314	0.516634	0.019826
315	0.530181	0.022357
316	0.793146	0.032457
317	0.738176	0.023252
318	0.480907	0.014827
319	0.422114	0.020267
320	0.58163	0.023093
321	0.659728	0.017328
322	0.671873	0.018289
323	0.539531	0.020555
324	0.368436	0.02003
325	0.572739	0.019273
326	0.608544	0.017917
327	0.472267	0.025548
328	0.579278	0.018917
329	0.450321	0.020408
330	0.595495	0.026528
331	0.483276	0.018928
332	0.417802	0.014016
333	0.339693	0.020196
334	0.50029	0.014266
335	0.482713	0.023119
336	0.483531	0.018433
337	0.447993	0.010463
338	0.492068	0.018984
339	0.385482	0.012378
340	0.475365	0.015339
341	0.523154	0.014449
342	0.587335	0.0342
343	0.551663	0.019493
344	0.449879	0.021549
345	0.398166	0.024925
346	0.535605	0.023574
347	0.590138	0.015395
348	0.746586	0.025155
349	0.729099	0.024235
350	0.488238	0.016492
351	0.355548	0.012583
352	0.580101	0.014901
353	0.441595	0.020715
354	0.53788	0.014247
355	0.541567	0.017599
356	0.655081	0.019395
357	0.60659	0.017316
358	0.418552	0.016275
359	0.519985	0.027734
360	0.740462	0.022203
361	0.646959	0.024041
362	0.680476	0.017997
363	0.543647	0.017204
364	0.694159	0.023544
365	0.544042	0.015154
366	0.623699	0.01859
367	0.714406	0.02745
368	0.674457	0.022815
369	0.71221	0.020353
370	0.568451	0.023602
371	0.87067	0.01484
372	0.628125	0.024028
373	0.582276	0.01811
374	0.900225	0.023559
375	0.849439	0.024235
376	0.705094	0.016641
377	0.634661	0.02129
378	0.690113	0.023645
379	0.689047	0.016834
380	0.559135	0.029061
381	0.563484	0.019768
382	0.58949	0.018531
383	0.929762	0.019014
384	0.617625	0.023569
385	0.637235	0.024139
386	0.886948	0.015904
387	0.510663	0.015976
388	0.563909	0.014007
389	0.673577	0.017784
390	0.599305	0.027802
391	0.738541	0.025222
392	0.624288	0.021646
393	0.699931	0.014508
394	0.626524	0.015764
395	0.608221	0.016712
396	0.58863	0.020041
397	0.556315	0.027599
398	0.897379	0.035632
399	0.902594	0.02067
400	0.658152	0.01476
401	0.587795	0.022378
402	0.610185	0.019004
403	0.904859	0.019222
404	0.544591	0.014301
405	0.662115	0.02364
406	0.747388	0.01462
407	0.620449	0.018313
408	0.698605	0.017963
409	0.612984	0.019239
410	0.64747	0.02077
411	0.573333	0.019084
412	0.563022	0.016105
413	0.853658	0.030467
414	0.575313	0.017574
415	0.642684	0.019562
416	0.517524	0.012388
417	0.63474	0.014704
418	0.642231	0.016023
419	0.959445	0.024991
420	0.7862	0.022334
421	0.646929	0.019455
422	0.653667	0.014939
423	0.567166	0.014598
424	0.645651	0.021557
425	0.784252	0.018299
426	0.62351	0.022599
427	0.567111	0.019978
428	0.894425	0.021053
429	0.647749	0.016174
430	1.044988	0.018683
431	0.802615	0.020938
432	0.631421	0.02535
433	0.785146	0.023438
434	0.709157	0.021479
435	0.946604	0.026737
436	0.837865	0.023496
437	0.897209	0.021987
438	0.738752	0.015225
439	0.49405	0.013905
440	0.648774	0.017298
441	0.844378	0.020092
442	0.723481	0.027554
443	0.920383	0.019878
444	0.758318	0.031016
445	0.821602	0.027035
446	1.07508	0.015085
447	0.604456	0.015383
448	0.742791	0.035904
449	0.932921	0.033495
450	0.913675	0.02755
451	0.802671	0.019998
452	0.423667	0.027307
453	0.692828	0.029594
454	0.597612	0.019411
455	0.582383	0.024939
456	0.585501	0.025478
457	0.66396	0.022703
458	0.577279	0.016995
459	0.473038	0.026707
460	0.676531	0.018873
461	0.687426	0.040116
462	0.682104	0.031782
463	0.666648	0.019172
464	0.756291	0.020092
465	0.565555	0.017812
466	0.632946	0.018469
467	0.737493	0.022156
468	0.648691	0.014934
469	0.625396	0.023107
470	0.699606	0.013451
471	0.620858	0.025403
472	0.493008	0.015905
473	0.602223	0.016056
474	0.808278	0.023188
475	0.805194	0.028955
476	0.591565	0.019784
477	0.683293	0.022123
478	0.54959	0.014303
479	0.597928	0.018044
480	0.543807	0.02376
481	0.699866	0.018955
482	0.720573	0.019898
483	0.557831	0.015482
484	0.920478	0.030411
485	0.756919	0.022658
486	0.841021	0.025495
487	0.686568	0.027109
488	0.545406	0.026905
489	0.668588	0.018416
490	0.579953	0.024225
491	0.506557	0.017169
492	0.974411	0.016824
493	0.726272	0.014404
494	0.615349	0.017463
495	0.883794	0.022344
496	0.732579	0.01579
497	0.646327	0.014515
498	0.525437	0.02156
499	0.849672	0.024239
500	0.74088	0.03431
501	0.816136	0.022987
502	0.527973	0.021422
503	0.619331	0.017983
504	0.619518	0.0233
505	0.881239	0.022874
506	0.594113	0.020717
507	0.732396	0.018483
508	0.560267	0.014332
509	0.575727	0.027626
510	0.659273	0.032285
511	0.605373	0.022235
512	0.493346	0.01436
513	0.533345	0.019553
514	0.878518	0.024965
515	0.556886	0.015942
516	0.644398	0.021309
517	0.581097	0.016105
518	0.6218	0.02008
519	0.825289	0.020851
520	0.773853	0.021753
521	0.629623	0.02057
522	0.722416	0.026422
523	0.552757	0.016543
524	0.521715	0.020625
525	0.733994	0.02189
526	0.733379	0.022644
527	0.543874	0.013076
528	0.44714	0.022981
529	0.716882	0.021184
530	0.470748	0.018002
531	0.713735	0.018076
532	0.745371	0.024769
533	0.839685	0.017897
534	0.608552	0.020935
535	0.600293	0.017806
536	0.515552	0.015975
537	0.576568	0.029671
538	0.847092	0.014617
539	0.530863	0.014554
540	0.533462	0.015993
541	0.558241	0.018202
542	0.494875	0.02471
543	0.661423	0.021435
544	0.587476	0.015411
545	0.613743	0.018237
546	0.632215	0.018157
547	0.52979	0.019625
548	0.552705	0.017763
549	0.866355	0.025939
550	0.893648	0.021187
551	0.518046	0.019299
552	0.623315	0.015426
553	0.583033	0.021465
554	0.703092	0.016201
555	1.090548	0.0259
556	0.688465	0.015983
557	0.827532	0.022664
558	0.568822	0.018681
559	0.733235	0.038955
560	0.683756	0.015721
561	0.483454	0.021511
562	0.925925	0.023957
563	0.685511	0.014648
564	0.60515	0.013211
565	0.961499	0.023958
566	0.721318	0.020817
567	0.560908	0.022217
568	0.663924	0.019084
569	0.660844	0.032485
570	0.607143	0.023889
571	0.565603	0.014804
572	0.53367	0.016681
573	0.798646	0.0324
574	0.411846	0.014323
575	0.440589	0.017427
576	0.421657	0.022776
577	0.488327	0.018122
578	0.503783	0.016981
579	0.599153	0.02285
580	0.515422	0.015122
581	0.490534	0.013825
582	0.412985	0.011493
583	0.42442	0.022116
584	0.409043	0.015866
585	0.521644	0.016738
586	0.402092	0.014812
587	0.470526	0.014254
588	0.543529	0.012406
589	0.532292	0.018532
590	0.540523	0.019912
591	0.456727	0.014745
592	0.455457	0.01288
593	0.389595	0.014663
594	0.475743	0.015688
595	0.492659	0.012649
596	0.447938	0.017609
597	0.490545	0.021491
598	0.450051	0.015861
599	0.642826	0.018891
600	0.410874	0.020262
601	0.40668	0.013854
602	0.379792	0.013912
603	0.436272	0.018828
604	0.409463	0.024383
605	0.372348	0.016853
606	0.595283	0.018409
607	0.352782	0.012
608	0.419731	0.018581
609	0.56962	0.012971
610	0.424414	0.016001
611	0.387639	0.010968
612	0.408263	0.023843
613	0.410933	0.012734
614	0.465414	0.012929
615	0.704213	0.019169
616	0.370577	0.011941
617	0.43038	0.012199
618	0.424226	0.016745
619	0.418177	0.013832
620	0.351549	0.011503
621	0.384052	0.013683
622	0.528309	0.010463
623	0.332094	0.011496
624	0.367494	0.011752
625	0.485164	0.012666
626	0.424552	0.019148
627	0.469018	0.01112
628	0.483378	0.0144
629	0.472019	0.019591
630	0.517864	0.018625
631	0.422412	0.010921
632	0.412752	0.014404
633	0.556379	0.022239
634	0.635324	0.016351
635	0.469918	0.018108
636	0.63476	0.017817
637	0.376515	0.012954
638	0.459124	0.013008
639	0.447236	0.02276
640	0.39264	0.012398
641	0.510235	0.016992
642	0.428836	0.013561
643	0.610017	0.027771
644	0.433456	0.01657
645	0.399289	0.015039
646	0.383151	0.014503
647	0.479203	0.021166
648	0.388809	0.012261
649	0.435425	0.01385
650	0.522191	0.014241
651	0.382955	0.012051
652	0.422237	0.011593
653	0.405703	0.014472
654	0.596845	0.019411
655	0.35783	0.017644
656	0.482308	0.018745
657	0.446282	0.012189
658	0.400463	0.027367
659	0.459693	0.022721
660	0.444297	0.013832
661	0.56553	0.019128
662	0.468561	0.02159
663	0.479045	0.01531
664	0.488835	0.017772
665	0.395826	0.024832
666	0.448893	0.015251
667	0.64996	0.022396
668	0.45303	0.014853
669	0.425849	0.015877
670	0.461247	0.010332
671	0.463395	0.016882
672	0.612738	0.016588
673	0.416803	0.014212
674	0.367908	0.016459
675	0.590047	0.014598
676	0.419107	0.018148
677	0.646767	0.01653
678	0.453936	0.01182
679	0.422808	0.011928
680	0.580897	0.014018
681	0.698553	0.021325
682	0.588032	0.015397
683	0.670671	0.028496
684	0.38284	0.023257
685	0.425543	0.012417
686	0.59549	0.016372
687	0.442253	0.026384
688	0.482575	0.029353
689	0.435713	0.018443
690	0.447375	0.011823
691	0.380981	0.018908
692	0.334721	0.015307
693	0.519875	0.014535
694	0.512406	0.01721
695	0.365172	0.01715
696	0.425862	0.012124
697	0.434481	0.015698
698	0.344714	0.011763
699	0.422038	0.015787
700	0.324672	0.012502
701	0.379481	0.014714
702	0.439253	0.014903
703	0.52687	0.0192
704	0.374652	0.015891
705	0.494948	0.023354
706	0.514384	0.016122
707	0.44625	0.015457
708	0.512673	0.01802
709	0.481569	0.013792
710	0.417611	0.012309
711	0.424198	0.017509
712	0.34382	0.011584
713	0.377104	0.016376
714	0.533854	0.024836
715	0.450475	0.01109
716	0.499056	0.01706
717	0.48843	0.016662
718	0.421022	0.01727
719	0.387564	0.015949
720	0.409935	0.017222
721	0.382395	0.02103
722	0.493373	0.016228
723	0.383468	0.019954
724	0.495211	0.012951
725	0.543666	0.027335
726	0.486969	0.016239
727	0.419723	0.010966
728	0.528368	0.02098
729	0.563464	0.016367
730	0.485169	0.012583
731	0.581368	0.014866
732	0.55575	0.01814
733	0.530284	0.01572
734	0.554946	0.013843
735	0.640701	0.020762
736	0.656749	0.015053
737	0.531334	0.022045
738	0.600359	0.024892
739	0.501022	0.015813
740	0.627497	0.020083
741	0.421048	0.014022
742	0.468611	0.015835
743	0.377667	0.013062
744	0.630989	0.020548
745	0.525288	0.021746
746	0.557454	0.012902
747	0.499629	0.019885
748	0.486347	0.024575
749	0.436885	0.014237
750	0.48451	0.022915
751	0.478402	0.014776
752	0.428916	0.013703
753	0.492826	0.018408
754	0.434289	0.014723
755	0.535633	0.01775
756	0.778539	0.022725
757	0.557256	0.017538
758	0.413724	0.014139
759	0.660747	0.021781
760	0.721945	0.015753
761	0.556091	0.017114
762	0.549588	0.014401
763	0.464888	0.015722
764	0.550653	0.013677
765	0.405616	0.014093
766	0.510794	0.017075
767	0.450292	0.02179
768	0.507172	0.014929
769	0.575426	0.019333
770	0.420926	0.014753
771	0.461137	0.021668
772	0.518522	0.017022
773	0.398468	0.013498
774	0.560101	0.019904
775	0.584353	0.024263
776	0.467778	0.014643
777	0.605968	0.022843
778	0.572653	0.021331
779	0.574394	0.012361
780	0.4669	0.013749
781	0.481657	0.016995
782	0.505647	0.013597
783	0.465158	0.017783
784	0.507106	0.0262
785	0.511041	0.01809
786	0.474849	0.013897
787	0.383947	0.011184
788	0.573108	0.014153
789	0.37125	0.013705
790	0.388507	0.010893
791	0.40837	0.021342
792	0.398728	0.012141
793	0.45358	0.01421
794	0.576966	0.016236
795	0.450058	0.012527
796	0.553831	0.012755
797	0.40313	0.015168
798	0.434099	0.010609
799	0.701801	0.019298
800	0.498175	0.017658
