obs_index	inference_time_sec	image_proc_time_sec
0	1.116996	0.029108
1	0.389577	0.013942
2	0.520781	0.027241
3	0.396879	0.012191
4	0.418541	0.016132
5	0.472214	0.023578
6	0.328523	0.013938
7	0.420407	0.016892
8	0.347901	0.013927
9	0.378063	0.019085
10	0.385836	0.016378
11	0.323198	0.012902
12	0.406288	0.027286
13	0.397393	0.015986
14	0.369602	0.013683
15	0.382573	0.018915
16	0.407184	0.012106
17	0.328188	0.014763
18	0.392944	0.015359
19	0.368252	0.013284
20	0.422308	0.011204
21	0.348163	0.017416
22	0.386027	0.011291
23	0.585805	0.018259
24	0.349276	0.013735
25	0.333884	0.011406
26	0.380772	0.01268
27	0.350349	0.010547
28	0.399384	0.011144
29	0.322522	0.014678
30	0.342808	0.011662
31	0.329495	0.012484
32	0.357149	0.019153
33	0.3585	0.014097
34	0.359402	0.013185
35	0.339656	0.015603
36	0.374817	0.015417
37	0.43769	0.019267
38	0.357045	0.021099
39	0.503144	0.018501
40	0.465739	0.021048
41	0.447242	0.023609
42	0.464541	0.013886
43	0.361256	0.012598
44	0.335047	0.011086
45	0.374808	0.014548
46	0.424075	0.015305
47	0.374933	0.013845
48	0.351895	0.010596
49	0.363349	0.016166
50	0.307434	0.010323
51	0.386668	0.014408
52	0.431325	0.020865
53	0.479637	0.017056
54	0.558871	0.027658
55	0.389826	0.017162
56	0.364597	0.017259
57	0.396192	0.026632
58	0.390266	0.024071
59	0.550444	0.027717
60	0.530505	0.019376
61	0.365988	0.018608
62	0.366367	0.015416
63	0.395015	0.013926
64	0.329789	0.016722
65	0.334989	0.013594
66	0.351064	0.013526
67	0.303291	0.013223
68	0.384162	0.015872
69	0.338398	0.011264
70	0.400454	0.015113
71	0.38854	0.013819
72	0.319087	0.011739
73	0.291272	0.010186
74	0.341886	0.009458
75	0.346226	0.010742
76	0.361728	0.016628
77	0.401067	0.012856
78	0.362512	0.016417
79	0.316299	0.012775
80	0.343129	0.008999
81	0.44487	0.013095
82	0.432203	0.016459
83	0.329454	0.012849
84	0.302778	0.009358
85	0.29852	0.011652
86	0.400976	0.010815
87	0.361609	0.013206
88	0.366138	0.011573
89	0.373977	0.01143
90	0.297628	0.017013
91	0.300429	0.010109
92	0.394933	0.01364
93	0.324346	0.012676
94	0.287259	0.009447
95	0.342762	0.013631
96	0.295018	0.010212
97	0.386075	0.013765
98	0.304904	0.009836
99	0.366383	0.013944
100	0.414793	0.016337
101	0.34234	0.013182
102	0.371191	0.012233
103	0.39616	0.01103
104	0.324323	0.009753
105	0.418158	0.01481
106	0.331001	0.013005
107	0.363468	0.013585
108	0.324858	0.012349
109	0.339756	0.012269
110	0.301154	0.010735
111	0.412444	0.012626
112	0.358384	0.01194
113	0.372049	0.011371
114	0.360793	0.015168
115	0.349245	0.011656
116	0.412263	0.015208
117	0.400716	0.015457
118	0.336371	0.016515
119	0.358547	0.012266
120	0.493154	0.012185
121	0.355693	0.015253
122	0.443792	0.01523
123	0.462876	0.011404
124	0.455241	0.024559
125	0.409973	0.022936
126	0.316348	0.011874
127	0.399181	0.010571
128	0.381888	0.016785
129	0.330025	0.011262
130	0.36016	0.01086
131	0.433481	0.021932
132	0.330765	0.014117
133	0.394088	0.012369
134	0.494893	0.023991
135	0.371522	0.019448
136	0.424388	0.022715
137	0.35365	0.011224
138	0.35887	0.016747
139	0.383203	0.011699
140	0.37526	0.014607
141	0.391957	0.011684
142	0.345249	0.009834
143	0.438471	0.011558
144	0.3565	0.012863
145	0.44057	0.013707
146	0.367229	0.01555
147	0.395336	0.011006
148	0.468536	0.01498
149	0.334741	0.019633
150	0.311266	0.014364
151	0.422446	0.019956
152	0.418474	0.018512
153	0.334337	0.013024
154	0.35912	0.015224
155	0.364478	0.010182
156	0.425276	0.013614
157	0.370591	0.012854
158	0.369259	0.01128
159	0.348319	0.010286
160	0.384546	0.01429
161	0.336861	0.011533
162	0.308712	0.009908
163	0.409272	0.031742
164	0.353177	0.01543
165	0.336081	0.015246
166	0.339283	0.013575
167	0.361451	0.012873
168	0.483094	0.017801
169	0.381682	0.010752
170	0.45055	0.015533
171	0.389915	0.012956
172	0.439266	0.014817
173	0.414619	0.010366
174	0.478127	0.0158
175	0.490394	0.019924
176	0.534623	0.012593
177	0.422436	0.012862
178	0.578426	0.021329
179	0.480568	0.026704
180	0.400421	0.014095
181	0.572759	0.016819
182	0.634481	0.01712
183	0.538827	0.023916
184	0.44573	0.016732
185	0.615299	0.01735
186	0.555761	0.024939
187	0.485712	0.015168
188	0.572411	0.027772
189	0.457259	0.01347
190	0.497806	0.012717
191	0.509588	0.015028
192	0.414154	0.013291
193	0.488108	0.012867
194	0.448216	0.021482
195	0.410979	0.015909
196	0.467985	0.015847
197	0.43645	0.015029
198	0.453552	0.014873
199	0.434823	0.01699
200	0.408122	0.026892
201	0.429514	0.013046
202	0.485031	0.011576
203	0.464175	0.017879
204	0.460554	0.013089
205	0.589297	0.020083
206	0.491975	0.015532
207	0.449572	0.019442
208	0.463355	0.017825
209	0.478793	0.016206
210	0.39694	0.012362
211	0.590874	0.018049
212	0.44596	0.014934
213	0.522405	0.011157
214	0.560754	0.017037
215	0.467295	0.017884
216	0.447744	0.017992
217	0.558629	0.013971
218	0.415329	0.01288
219	0.423174	0.015467
220	0.463496	0.01965
221	0.529394	0.014123
222	0.458609	0.011797
223	0.46368	0.018734
224	0.413165	0.013381
225	0.503217	0.013864
226	0.519769	0.018956
227	0.502505	0.012318
228	0.6098	0.016609
229	0.47729	0.011553
230	0.515463	0.012514
231	0.472365	0.01241
232	0.472783	0.013661
233	0.46684	0.017231
234	0.448599	0.015862
235	0.526332	0.011286
236	0.459225	0.014758
237	0.399616	0.01466
238	0.508985	0.014268
239	0.408048	0.011133
240	0.479269	0.016679
241	0.433312	0.010751
242	0.446541	0.013617
243	0.425976	0.013288
244	0.571229	0.013533
245	0.468753	0.011566
246	0.404896	0.014801
247	0.43244	0.011049
248	0.422179	0.011147
249	0.448508	0.012197
250	0.436946	0.01227
251	0.384315	0.010887
252	0.354344	0.016596
253	0.409862	0.011368
254	0.444594	0.014734
255	0.477758	0.014874
256	0.389554	0.01735
257	0.413469	0.016709
258	0.405556	0.016318
259	0.425876	0.01287
260	0.494929	0.019437
261	0.397263	0.013251
262	0.502408	0.012901
263	0.397823	0.013108
264	0.436494	0.015658
265	0.429072	0.014131
266	0.404908	0.011932
267	0.414568	0.015398
268	0.545724	0.023792
269	0.387384	0.020055
270	0.497895	0.015924
271	0.540094	0.011483
272	0.508919	0.022765
273	0.611488	0.024804
274	0.393731	0.018382
275	0.457337	0.013867
276	0.527938	0.015715
277	0.406601	0.021098
278	0.463907	0.017551
279	0.538129	0.016156
280	0.522876	0.016679
281	0.538851	0.013603
282	0.494507	0.012792
283	0.479276	0.017295
284	0.408538	0.015987
285	0.539544	0.016961
286	0.5749	0.016541
287	0.449661	0.020943
288	0.43812	0.01628
289	0.486648	0.019226
290	0.413201	0.012084
291	0.445625	0.019344
292	0.449783	0.014632
293	0.438107	0.021434
294	0.461976	0.012545
295	0.409198	0.013551
296	0.391428	0.013761
297	0.504578	0.01293
298	0.382318	0.013165
299	0.402188	0.013402
300	0.494541	0.011547
301	0.516035	0.022852
302	0.50089	0.018932
303	0.433027	0.015107
304	0.536318	0.011802
305	0.454331	0.014991
306	0.45589	0.020176
307	0.47349	0.016846
308	0.414931	0.015717
309	0.503106	0.013839
310	0.496172	0.010595
311	0.464364	0.0153
312	0.488272	0.020616
313	0.500005	0.014074
314	0.391934	0.013536
315	0.435534	0.013208
316	0.473508	0.012153
317	0.44957	0.013663
318	0.477555	0.017376
319	0.366021	0.013765
320	0.482937	0.012817
321	0.496991	0.016933
322	0.698153	0.020103
323	0.479311	0.015932
324	0.419626	0.011945
325	0.459109	0.012888
326	0.457405	0.020045
327	0.387213	0.011543
328	0.444407	0.011412
329	0.392061	0.012296
330	0.403801	0.014363
331	0.438929	0.025056
332	0.374515	0.014909
333	0.479163	0.012969
334	0.516621	0.022472
335	0.499855	0.012588
336	0.398805	0.013445
337	0.437301	0.011545
338	0.447446	0.012955
339	0.429358	0.012788
340	0.532478	0.01294
341	0.475036	0.015817
342	0.442667	0.01284
343	0.429393	0.015148
344	0.466195	0.015396
345	0.447411	0.012232
346	0.392454	0.019911
347	0.515702	0.013907
348	0.641436	0.022516
349	0.480827	0.019792
350	0.427811	0.019189
351	0.559984	0.017543
352	0.468703	0.015071
353	0.482047	0.014206
354	0.40579	0.009838
355	0.408503	0.018323
356	0.581795	0.013256
357	0.402309	0.01619
358	0.52065	0.014294
359	0.405346	0.011433
360	0.506851	0.016499
361	0.570002	0.020345
362	0.428356	0.011159
363	0.399018	0.026544
364	0.511436	0.020798
365	0.389476	0.012996
366	0.533253	0.01694
367	0.422695	0.01777
368	0.531385	0.019743
369	0.475383	0.015238
370	0.402874	0.019502
371	0.426659	0.01216
372	0.526434	0.016004
373	0.491232	0.026003
374	0.500903	0.012796
375	0.400997	0.014599
376	0.528916	0.023436
377	0.581867	0.023131
378	0.49107	0.021617
379	0.484577	0.017967
380	0.451755	0.015326
381	0.512601	0.01582
382	0.418821	0.016399
383	0.392838	0.013869
384	0.414582	0.02262
385	0.530404	0.013898
386	0.458091	0.012784
387	0.534467	0.014199
388	0.455197	0.014733
389	0.356784	0.011137
390	0.33962	0.010624
391	0.403059	0.010787
392	0.385714	0.013928
393	0.409808	0.012033
394	0.4097	0.00978
395	0.410345	0.013632
396	0.456427	0.011051
397	0.415382	0.013746
398	0.38348	0.014023
399	0.365022	0.013457
400	0.409813	0.018581
401	0.375859	0.01498
402	0.441817	0.012132
403	0.494444	0.013524
404	0.869251	0.017474
405	0.671335	0.02519
406	0.44887	0.013327
407	0.658107	0.01387
408	0.655599	0.03813
409	0.580927	0.071135
410	0.706183	0.015744
411	0.576229	0.048478
412	0.481044	0.012583
413	0.45315	0.013763
414	0.514235	0.016096
415	0.498168	0.011629
416	0.425012	0.015891
417	0.472281	0.016459
418	0.441683	0.015057
419	0.42879	0.013429
420	0.460092	0.013075
421	0.377681	0.011914
422	0.466182	0.015643
423	0.373764	0.012987
424	0.43449	0.015177
425	0.452816	0.01144
426	0.438538	0.01502
427	0.573301	0.016856
428	1.081318	0.015151
429	1.368397	0.033722
430	1.662337	0.039353
431	1.579352	0.03483
432	2.354553	0.035702
433	1.483382	0.072163
434	1.063472	0.023147
435	1.485236	0.029562
436	1.029576	0.019131
437	1.394822	0.022296
438	1.472892	0.03924
439	1.327875	0.038331
440	0.790712	0.028471
441	0.713919	0.022019
442	0.577726	0.022498
443	0.508631	0.015214
444	0.909111	0.020924
445	0.678985	0.029145
446	0.546073	0.017828
447	0.67202	0.025797
448	0.508618	0.017303
449	0.599112	0.025435
450	0.681851	0.020064
451	0.47271	0.017859
452	0.466982	0.020623
453	0.500679	0.015194
454	0.440582	0.013101
455	0.495612	0.018651
456	0.535001	0.013559
457	0.521422	0.01546
458	0.429585	0.016019
459	0.459913	0.030937
460	0.532447	0.017035
461	0.390184	0.01505
462	0.721173	0.018417
463	0.49356	0.014105
464	0.495391	0.015982
465	0.402928	0.023924
466	0.510087	0.014542
467	0.445445	0.01398
468	0.414389	0.019245
469	0.545984	0.017467
470	0.508444	0.020037
471	0.620375	0.020173
472	0.451033	0.014264
473	0.524704	0.018607
474	0.557041	0.018505
475	0.51556	0.017226
476	0.493647	0.022344
477	0.486734	0.040458
478	0.640922	0.019769
479	0.558839	0.015564
480	0.671807	0.016065
481	0.494339	0.020059
482	0.403009	0.026456
483	0.478635	0.015866
484	0.497575	0.021837
485	0.49907	0.013602
486	0.509717	0.021162
487	0.436173	0.018627
488	0.408477	0.017285
489	0.70485	0.017817
490	0.389934	0.013917
491	0.361731	0.021612
492	0.618038	0.029721
493	0.402575	0.015536
494	0.452619	0.017274
495	0.536525	0.025694
496	0.416264	0.017955
497	0.526545	0.017596
498	0.451218	0.014487
499	0.556486	0.027796
500	0.48004	0.017054
501	0.447063	0.016002
502	0.40735	0.01773
503	0.487145	0.016289
504	0.374549	0.013274
505	0.426736	0.012959
506	0.427286	0.012009
507	0.332621	0.010369
508	0.456545	0.017505
509	0.400398	0.014629
510	0.373612	0.017192
511	0.369165	0.011041
512	0.375969	0.012612
513	0.376719	0.021566
514	0.427124	0.015846
515	0.477857	0.013702
516	0.538328	0.019969
517	0.437163	0.014599
518	0.484156	0.019149
519	0.378465	0.010637
520	0.469929	0.01843
521	0.628544	0.018399
522	0.514019	0.019786
523	0.433706	0.016039
524	0.432953	0.013788
525	0.349292	0.012009
526	0.531715	0.018025
527	0.349519	0.011623
528	0.406139	0.011877
529	0.547749	0.02104
530	0.356721	0.011272
531	0.624359	0.022984
532	0.40558	0.015313
533	0.479115	0.01325
534	0.525804	0.017076
535	0.35365	0.012309
536	0.345461	0.015364
537	0.423241	0.018126
538	0.474328	0.01399
539	0.713044	0.023515
540	0.59368	0.024033
541	0.74511	0.018735
542	0.505945	0.018347
543	0.718429	0.027929
544	0.589173	0.02136
545	0.979981	0.019066
546	0.574779	0.026147
547	0.560613	0.016288
548	0.688889	0.021162
549	0.733675	0.03158
550	0.593197	0.016623
551	1.079697	0.026833
552	0.48394	0.017459
553	0.459825	0.0178
554	0.544719	0.013366
555	0.860706	0.032535
556	0.90965	0.025066
557	1.368349	0.027833
558	0.962024	0.022013
559	1.165395	0.028327
560	1.113556	0.026951
561	0.723653	0.034376
562	0.745485	0.015722
563	1.17041	0.04543
564	1.132401	0.043803
565	1.423477	0.032628
566	0.754649	0.037718
567	1.010351	0.023073
568	0.951227	0.040876
569	0.983217	0.060219
570	0.696759	0.028589
571	0.648916	0.015695
572	0.660092	0.023439
573	1.046829	0.03249
574	1.55866	0.017294
575	1.382644	0.060441
576	1.072744	0.02125
577	0.571672	0.016024
578	1.165752	0.01611
579	0.935182	0.015928
580	1.242707	0.030303
581	0.942648	0.019034
582	0.86205	0.021705
583	0.699792	0.028145
584	1.019334	0.026492
585	0.947463	0.030776
586	1.072516	0.026144
587	0.753535	0.038572
588	0.773797	0.023508
589	0.730898	0.03563
590	1.18969	0.01973
591	0.914457	0.029346
592	1.0589	0.019966
593	0.957846	0.034816
594	1.006667	0.036227
595	0.649814	0.026438
596	1.061353	0.026893
597	0.909606	0.020899
598	0.71177	0.027154
599	1.15743	0.030272
600	0.511668	0.01647
601	0.703633	0.019567
602	0.984715	0.016288
603	0.849689	0.020178
604	0.602275	0.024836
605	0.758413	0.034702
606	0.939359	0.031222
607	0.727729	0.029904
608	0.882497	0.01613
609	0.930109	0.02726
610	0.648662	0.029286
611	1.168461	0.022332
612	1.131215	0.021103
613	0.643447	0.015455
614	0.983774	0.027836
615	1.017837	0.039407
616	1.836283	0.032066
617	1.103817	0.042896
618	1.178866	0.029557
619	0.545169	0.045003
620	0.714334	0.017899
621	0.87325	0.025543
622	1.037886	0.04092
623	1.013039	0.025475
624	0.643432	0.037267
625	0.899427	0.025227
626	0.631414	0.025335
627	0.794999	0.030953
628	1.000232	0.014692
629	1.24558	0.027752
630	1.576902	0.030757
631	0.669372	0.015447
632	1.212149	0.024156
633	1.147953	0.027823
634	1.018659	0.025065
635	0.78308	0.030826
636	1.425309	0.032729
637	1.023184	0.037217
638	1.247152	0.024681
639	0.881732	0.029886
640	1.370912	0.050784
641	0.637335	0.02046
642	0.781729	0.025568
643	1.197645	0.058763
644	0.606531	0.018705
645	0.698063	0.018145
646	0.748731	0.024967
647	0.709668	0.015975
648	0.750745	0.027251
649	0.687226	0.017434
650	0.890458	0.043602
651	0.540276	0.017687
652	0.769733	0.018411
653	0.703058	0.019523
654	1.524394	0.030736
655	0.96548	0.052558
656	1.367119	0.038625
657	1.257183	0.054595
658	0.784398	0.02344
659	1.262594	0.020087
660	1.453375	0.04926
661	0.717491	0.041807
662	1.053496	0.042583
663	0.947383	0.034813
664	1.13131	0.027112
665	1.299502	0.031064
666	0.734207	0.035683
667	1.157025	0.026583
668	0.716986	0.019757
669	1.212424	0.030689
670	1.026541	0.029032
671	1.214945	0.030058
672	1.006599	0.023892
673	0.736677	0.031464
674	0.708159	0.019945
675	0.853605	0.029914
676	0.698851	0.027461
677	0.932986	0.026617
678	0.980006	0.020265
679	0.723453	0.021257
680	0.545049	0.025652
681	0.923878	0.019572
682	1.078112	0.023957
683	0.847177	0.02312
684	1.42177	0.041653
685	1.059361	0.02518
686	0.971776	0.045998
687	1.142097	0.042893
688	0.685388	0.031619
689	0.882134	0.015869
690	1.057647	0.030422
691	1.002814	0.020736
692	0.809531	0.024962
693	0.56473	0.025086
694	0.653553	0.028627
695	0.735368	0.019926
696	0.773724	0.020562
697	0.622397	0.026393
698	1.322962	0.037127
699	0.8267	0.022912
700	0.536026	0.016067
701	1.151457	0.031611
702	0.592692	0.023065
703	0.939841	0.016461
704	0.704594	0.035646
705	0.642715	0.01625
706	0.969655	0.031339
707	0.656218	0.024939
708	1.342817	0.062364
709	0.766531	0.035189
710	0.701489	0.027817
711	1.43044	0.041254
712	1.416138	0.041409
713	0.605921	0.033859
714	0.813269	0.03095
715	0.559124	0.017658
716	0.932846	0.01572
717	1.263893	0.027114
718	0.99057	0.027723
719	0.589844	0.035334
720	1.001099	0.026609
721	1.206572	0.034993
722	1.371902	0.033863
723	1.048372	0.027717
724	1.187188	0.022452
725	1.144869	0.023864
726	1.134399	0.022065
727	0.826675	0.037173
728	1.328228	0.036992
729	0.786276	0.026235
730	0.972349	0.024797
731	0.806007	0.028472
732	0.826571	0.023291
733	0.834401	0.026773
734	1.215159	0.034919
735	1.265329	0.021923
736	1.582017	0.032595
737	0.90446	0.046136
738	0.895811	0.025645
739	1.006974	0.032895
740	0.571628	0.045577
741	1.009014	0.034618
742	1.064591	0.034551
743	0.794256	0.049442
744	0.963708	0.038986
745	0.567108	0.022077
746	1.090174	0.022296
747	1.142865	0.033237
748	1.265354	0.015576
749	1.168564	0.051106
750	0.937493	0.032959
751	0.611994	0.014404
752	1.288508	0.056377
753	1.060173	0.0341
754	1.270865	0.025612
755	0.669373	0.017231
756	0.496591	0.012233
757	0.573101	0.028202
758	1.004201	0.017616
759	0.9666	0.01329
760	0.822664	0.028528
761	0.822154	0.025653
762	0.558742	0.019228
763	0.714161	0.03644
764	0.86091	0.014118
765	0.916982	0.024435
766	0.987141	0.035114
767	1.10052	0.034584
768	0.684121	0.025236
769	1.10211	0.044584
770	1.4059	0.03502
771	1.133625	0.025408
772	0.770016	0.019993
773	0.592917	0.019896
774	0.646098	0.022144
775	1.020992	0.038742
776	0.944118	0.03526
777	0.714227	0.022667
778	1.400901	0.042701
779	1.588664	0.055393
780	0.879938	0.023974
781	1.042183	0.02906
782	1.218614	0.037867
783	0.508312	0.015906
784	0.46263	0.013183
785	1.557742	0.02779
786	1.402447	0.036798
787	0.959146	0.031981
788	1.127751	0.026315
789	1.432652	0.026043
790	0.702436	0.032447
791	0.947622	0.026544
792	1.358613	0.023593
793	1.020174	0.030859
794	1.049979	0.023718
795	1.431293	0.032193
796	1.09924	0.018976
797	0.882178	0.037113
798	1.141622	0.045603
799	0.938336	0.020346
800	1.052499	0.027371

