Cols 1–6 Mean:
-0.002699
-0.002699
-0.002699
-0.002699
-0.002699
-0.002699
-0.002699
-0.002699
-0.002699
-0.002699
-0.002699
-0.002699
-0.002699
-0.002699
-0.002699
-0.002699
-0.002699
-0.002699
-0.002699
-0.002699
-0.002699
-0.002699
-0.002699
-0.002699
-0.002699
-0.002699
-0.002699
-0.002699
-0.002699
-0.002699
-0.002699
-0.002699
-0.002699
-0.002699
-0.002699
-0.002699
-0.002699
-0.002699
-0.002699
-0.002699
-0.002699
-0.002699
-0.002699
-0.002699
-0.002699
-0.002699
-0.002699
-0.002699
-0.002699
-0.002699
-0.002699
-0.002699
-0.002699
-0.002699
-0.002699
-0.002699
-0.002699
-0.002699
-0.002699
-0.002699
-0.002699
-0.002699
-0.002699
-0.002699
-0.002699
-0.002699
-0.002699
-0.002699
-0.002699
-0.002699
-0.002699
-0.002699
-0.002699
-0.002699
-0.002699
-0.002699
-0.002699
-0.002699
-0.002699
-0.002699
-0.002699
-0.002699
-0.002699
-0.002699
-0.002699
-0.002699
-0.002699
-0.002699
-0.002699
-0.002699
-0.002699
-0.002699
-0.002699
-0.002699
-0.002699
-0.002699
-0.002699
-0.002699
-0.002699
-0.002699
-0.002699
-0.002699
-0.002699
-0.002699
-0.002699
-0.002699
-0.002699
-0.002699
-0.002699
-0.002699
-0.002699
-0.002699
-0.002699
-0.002699
-0.002699
-0.002699
-0.002699
-0.002699
-0.002699
-0.002699
-0.002699
-0.002699
-0.002699
-0.002699
-0.002699
-0.002699
-0.002699
-0.002699
-0.002699
-0.002699
-0.002699
-0.002699
-0.002699
-0.002699
-0.002699
-0.002699
-0.002699
-0.002699
-0.002699
-0.002699
-0.002699
-0.002699
-0.002699
-0.002699
-0.002699
-0.002699
-0.002699
-0.002699
-0.002699
-0.002699
-0.002699
-0.002699
-0.002699
-0.002699
-0.002699
-0.002699
-0.002699
-0.002699
-0.002699
-0.002699
-0.002699
-0.002699
-0.002699
-0.002699
-0.002699
-0.002699
-0.002699
-0.002699
-0.002699
-0.002699
-0.002699
-0.002699
-0.002699
-0.002699
-0.002699
-0.002699
-0.002699
-0.002699
-0.002699
-0.002699
-0.002699
-0.002699
-0.002699
-0.002699
-0.002699
-0.002699
-0.002699
-0.002699
-0.002699
-0.002699
-0.002699
-0.002699
-0.002699
-0.002699
-0.002699
-0.002699
-0.002699
-0.002699
-0.002699
-0.002699

Cols 7–10 Mean:
0.002029
0.002029
0.002029
0.002029
0.002029
0.002029
0.002029
0.002029
0.002029
0.002029
0.002029
0.002029
0.002029
0.002029
0.002029
0.002029
0.002029
0.002029
0.002029
0.002029
0.002029
0.002029
0.002029
0.002029
0.002029
0.002029
0.002029
0.002029
0.002029
0.002029
0.002029
0.002029
0.002028
0.002028
0.002028
0.002028
0.002028
0.002028
0.002028
0.002028
0.002028
0.002028
0.002028
0.002028
0.002028
0.002028
0.002028
0.002028
0.002028
0.002028
0.002028
0.002028
0.002028
0.002028
0.002028
0.002028
0.002028
0.002028
0.002028
0.002028
0.002028
0.002028
0.002028
0.002028
0.002028
0.002028
0.002028
0.002028
0.002028
0.002028
0.002028
0.002028
0.002028
0.002028
0.002028
0.002028
0.002028
0.002028
0.002028
0.002028
0.002028
0.002028
0.002028
0.002028
0.002028
0.002028
0.002028
0.002028
0.002028
0.002028
0.002028
0.002028
0.002028
0.002028
0.002028
0.002028
0.002028
0.002027
0.002027
0.002027
0.002027
0.002027
0.002027
0.002027
0.002027
0.002027
0.002027
0.002027
0.002027
0.002027
0.002026
0.002026
0.002026
0.002026
0.002026
0.002026
0.002026
0.002025
0.002025
0.002025
0.002025
0.002025
0.002025
0.002025
0.002024
0.002024
0.002024
0.002024
0.002024
0.002024
0.002024
0.002024
0.002023
0.002023
0.002023
0.002023
0.002023
0.002023
0.002023
0.002022
0.002022
0.002022
0.002022
0.002022
0.002022
0.002022
0.002022
0.002022
0.002022
0.002022
0.002022
0.002022
0.002022
0.002021
0.002021
0.002021
0.002021
0.002021
0.002021
0.002021
0.002021
0.002021
0.002021
0.002021
0.002021
0.002021
0.002021
0.002021
0.002020
0.002020
0.002020
0.002020
0.002020
0.002020
0.002019
0.002019
0.002019
0.002019
0.002019
0.002018
0.002018
0.002018
0.002018
0.002018
0.002017
0.002017
0.002017
0.002017
0.002016
0.002016
0.002016
0.002016
0.002015
0.002015
0.002015
0.002015
0.002014
0.002014
0.002014
0.002013
